5 0.35259433894230774 0.4729166658653846 0.3596698125 0.5
3 0.42806603846153846 0.4 0.4363207548076923 0.4333333341346154
5 0.43042452884615384 0.5729166658653846 0.4410377355769231 0.59375
3 0.4988207548076923 0.4625 0.5058962259615385 0.5
4 0.503537735576923 0.6479166658653847 0.5200471706730769 0.6708333341346153
4 0.5011792451923077 0.3291666658653846 0.5106132067307693 0.3604166658653846
2 0.5719339615384615 0.4020833341346154 0.5825471706730769 0.4395833341346154
1 0.5707547163461538 0.5479166658653847 0.5790094350961539 0.58125
2 0.5683962259615385 0.6895833341346154 0.5790094350961539 0.7250000000000001
1 0.5719339615384615 0.25 0.5837264158653845 0.2916666658653846
