3 0.3714622644230769 0.26875 0.3761792451923077 0.31875
4 0.44811320673076926 0.36250000000000004 0.4551886802884615 0.3916666658653846
1 0.5176886802884615 0.45833333413461536 0.5247641514423077 0.47916666586538464
5 0.3738207548076923 0.4083333341346154 0.3738207548076923 0.44375
2 0.4457547163461539 0.5270833341346154 0.46108490625 0.5666666658653846
1 0.5966981129807692 0.5395833341346153 0.6120283028846154 0.5625
4 0.3926886802884615 0.7875000000000001 0.4080188677884615 0.7979166658653847
3 0.4457547163461539 0.6604166658653846 0.4457547163461539 0.6729166658653847
5 0.3761792451923077 0.6125 0.3832547163461539 0.6312500000000001
2 0.5188679254807692 0.6020833341346153 0.535377358173077 0.64375
