2 0.4363207548076923 0.09166666586538462 0.4363207548076923 0.12083333413461537
1 0.5212264158653845 0.23125 0.5212264158653845 0.2854166658653846
3 0.5801886802884615 0.1520833341346154 0.5872641514423077 0.175
4 0.6580188677884615 0.2375 0.6721698125 0.2604166658653846
5 0.6544811322115385 0.4645833341346154 0.6615566033653846 0.4916666658653846
1 0.5212264158653845 0.4291666658653846 0.5247641514423077 0.4458333341346154
5 0.40683962259615386 0.39583333413461536 0.40683962259615386 0.41874999999999996
2 0.4587264158653846 0.89375 0.46933962259615386 0.91875
3 0.6544811322115385 0.8208333341346153 0.6462264158653847 0.8520833341346153
4 0.5471698125000001 0.7770833341346154 0.5518867932692307 0.8041666658653847
