4 0.35259433894230774 0.41666666586538464 0.3537735841346154 0.44375
4 0.42452830288461535 0.3354166658653846 0.43278301923076923 0.36875
3 0.5153301874999999 0.3520833341346154 0.5247641514423077 0.38125
3 0.5153301874999999 0.4625 0.5188679254807692 0.5229166658653847
2 0.42688679326923074 0.48750000000000004 0.42688679326923074 0.5270833341346154
2 0.6084905649038461 0.6729166658653847 0.6273584903846154 0.7083333341346154
1 0.5165094350961539 0.6833333341346154 0.5247641514423077 0.70625
1 0.42452830288461535 0.6812499999999999 0.4386792451923077 0.7270833341346153
5 0.6049528293269231 0.45625000000000004 0.6061320745192308 0.50625
5 0.6084905649038461 0.3604166658653846 0.621462264423077 0.38749999999999996
