3 0.5966981129807692 0.33125000000000004 0.6096698125000001 0.3125
5 0.6191037740384615 0.3166666658653846 0.6191037740384615 0.3416666658653846
5 0.6226415096153846 0.5208333341346154 0.6344339615384615 0.5520833341346154
3 0.5341981129807692 0.4354166658653846 0.5400943389423077 0.4645833341346154
1 0.5377358485576923 0.6 0.5400943389423077 0.6375
1 0.33490566105769226 0.9166666658653846 0.34316037740384614 0.95
4 0.42452830288461535 0.8395833341346154 0.42570754807692307 0.8708333341346154
4 0.32311320673076926 0.7145833341346154 0.3290094350961539 0.7708333341346154
2 0.5483490576923077 0.8979166658653847 0.5518867932692307 0.9229166658653847
2 0.6226415096153846 0.6791666658653847 0.6226415096153846 0.7083333341346154
