1 0.29127358413461535 0.1604166658653846 0.3042452836538462 0.1854166658653846
2 0.3066037740384615 0.85625 0.3136792451923077 0.8895833341346153
3 0.30306603846153846 0.6958333341346153 0.3018867932692308 0.7124999999999999
4 0.2983490576923077 0.5604166658653846 0.2995283028846154 0.5895833341346154
1 0.29481131971153846 0.4145833341346154 0.2971698125 0.44999999999999996
4 0.2936320745192308 0.3083333341346154 0.30542452884615384 0.33333333413461536
2 0.5554245288461538 0.39583333413461536 0.5554245288461538 0.42708333413461536
3 0.5495283028846154 0.2520833341346154 0.550707548076923 0.2833333341346154
5 0.5530660384615385 0.08541666586538461 0.5554245288461538 0.1333333341346154
5 0.46580188701923075 0.09375 0.46580188701923075 0.1291666658653846
