1 0.3183962259615385 0.13125 0.32429245192307693 0.1916666658653846
4 0.32311320673076926 0.31875 0.3301886802884615 0.3479166658653846
2 0.3691037740384615 0.9145833341346153 0.38797169711538465 0.9125000000000001
3 0.33844339663461537 0.7541666658653846 0.3478773581730769 0.7708333341346154
4 0.3290094350961539 0.5666666658653846 0.3290094350961539 0.6
1 0.3266509423076923 0.4625 0.3325471706730769 0.4854166658653846
5 0.4103773581730769 0.8625 0.41509433894230774 0.8875
3 0.48702830288461535 0.8729166658653846 0.4941037740384615 0.8958333341346154
2 0.58608490625 0.9125000000000001 0.6025943389423077 0.9354166658653846
5 0.5801886802884615 0.7541666658653846 0.5872641514423077 0.7770833341346154
