1 0.37971698076923077 0.4354166658653846 0.38561320673076926 0.45625000000000004
2 0.3832547163461539 0.8708333341346154 0.3997641514423077 0.8999999999999999
4 0.37971698076923077 0.7166666658653846 0.38561320673076926 0.7395833341346154
5 0.3832547163461539 0.5604166658653846 0.38561320673076926 0.5833333341346154
4 0.6356132067307693 0.575 0.6438679254807693 0.60625
5 0.6332547163461538 0.1375 0.6403301875 0.1645833341346154
3 0.6415094350961539 0.2875 0.6462264158653847 0.30625
1 0.6379716971153846 0.4291666658653846 0.6450471706730769 0.45833333413461536
3 0.6320754711538462 0.6937500000000001 0.6332547163461538 0.7208333341346154
2 0.6308962259615385 0.8229166658653846 0.6308962259615385 0.85625
