5 0.4198113197115385 0.1291666658653846 0.42806603846153846 0.1645833341346154
1 0.3455188677884615 0.4520833341346154 0.3502358485576923 0.4708333341346154
5 0.2606132067307692 0.4604166658653846 0.2665094350961538 0.4854166658653846
3 0.40919811298076925 0.2541666658653846 0.40919811298076925 0.2875
1 0.43278301923076923 0.4541666658653846 0.4375 0.4645833341346154
4 0.4375 0.6020833341346153 0.44811320673076926 0.625
2 0.4540094350961539 0.8958333341346154 0.46580188701923075 0.91875
2 0.36438679326923074 0.8729166658653846 0.3714622644230769 0.8958333341346154
3 0.43042452884615384 0.73125 0.43278301923076923 0.7458333341346154
4 0.2771226418269231 0.8479166658653846 0.2771226418269231 0.8729166658653846
