5 0.20518868028846154 0.2104166658653846 0.20990566105769232 0.23125
1 0.28655660336538463 0.14166666586538462 0.2900943389423077 0.16666666586538462
1 0.4103773581730769 0.3145833341346154 0.4198113197115385 0.3458333341346154
5 0.4787735841346154 0.11249999999999999 0.4811320745192308 0.14166666586538462
3 0.3773584903846154 0.10833333413461539 0.3808962259615385 0.1645833341346154
3 0.4846698125 0.38125 0.4846698125 0.4145833341346154
2 0.4752358485576923 0.5708333341346153 0.4787735841346154 0.5958333341346154
2 0.3325471706730769 0.5833333341346154 0.33608490625 0.6125
4 0.3596698125 0.4229166658653846 0.3596698125 0.4458333341346154
4 0.2582547163461538 0.4416666658653846 0.25943396153846154 0.46875
