5 0.4646226418269231 0.12083333413461537 0.4669811322115385 0.13958333413461538
3 0.44929245192307693 0.6499999999999999 0.4587264158653846 0.6708333341346153
2 0.4316037740384615 0.8270833341346153 0.4316037740384615 0.8583333341346153
1 0.3455188677884615 0.8479166658653846 0.34905660336538463 0.8666666658653847
3 0.3726415096153846 0.7124999999999999 0.37971698076923077 0.7375
2 0.24410377403846154 0.85625 0.2582547163461538 0.8854166658653846
4 0.2641509423076923 0.6708333341346153 0.2641509423076923 0.6958333341346153
4 0.16509433894230768 0.7562500000000001 0.17334905769230768 0.7875000000000001
5 0.1768867932692308 0.6291666658653846 0.19693396153846152 0.6604166658653846
1 0.25707547115384616 0.5541666658653847 0.26768868028846154 0.5895833341346154
