1 0.3761792451923077 0.23125 0.3761792451923077 0.26875
1 0.37971698076923077 0.91875 0.38679245192307693 0.9520833341346153
5 0.21226415144230767 0.3666666658653846 0.22169811298076925 0.4
5 0.4988207548076923 0.14583333413461538 0.503537735576923 0.175
4 0.46580188701923075 0.4708333341346154 0.4705188677884615 0.4958333341346154
4 0.3997641514423077 0.5958333341346154 0.3997641514423077 0.6291666658653846
3 0.41391509375 0.79375 0.4233490576923077 0.8229166658653846
3 0.4834905649038461 0.66875 0.4858490576923077 0.7020833341346153
2 0.47405660336538463 0.90625 0.4752358485576923 0.9333333341346154
2 0.2771226418269231 0.8916666658653847 0.2794811322115385 0.9166666658653846
