2 0.36438679326923074 0.6979166658653846 0.36438679326923074 0.7229166658653846
2 0.49056603846153846 0.8979166658653847 0.4964622644230769 0.91875
3 0.37971698076923077 0.5520833341346154 0.3903301875 0.5854166658653847
1 0.4044811322115385 0.8687499999999999 0.40566037740384614 0.89375
3 0.4540094350961539 0.7958333341346153 0.45990566105769226 0.8083333341346154
1 0.3997641514423077 0.2729166658653846 0.40683962259615386 0.2979166658653846
4 0.5094339615384615 0.36875 0.5176886802884615 0.4020833341346154
4 0.2535377355769231 0.38541666586538464 0.25707547115384616 0.4083333341346154
5 0.2523584903846154 0.11875 0.25707547115384616 0.14375
5 0.5165094350961539 0.1291666658653846 0.5165094350961539 0.16666666586538462
