5 0.566037735576923 0.1583333341346154 0.566037735576923 0.1791666658653846
5 0.34905660336538463 0.16666666586538462 0.3596698125 0.20416666586538462
1 0.47169811298076925 0.1958333341346154 0.47169811298076925 0.22916666586538462
1 0.46580188701923075 0.8104166658653846 0.4669811322115385 0.8458333341346154
2 0.36556603846153846 0.7270833341346153 0.3738207548076923 0.7541666658653846
2 0.574292451923077 0.8645833341346154 0.5801886802884615 0.8916666658653847
3 0.5471698125000001 0.6958333341346153 0.5542452836538462 0.7354166658653847
3 0.44693396153846154 0.5833333341346154 0.4540094350961539 0.6125
4 0.566037735576923 0.44791666586538464 0.566037735576923 0.47916666586538464
4 0.32193396153846154 0.36458333413461536 0.3301886802884615 0.39375000000000004
