5 0.24056603846153848 0.2166666658653846 0.24410377403846154 0.2458333341346154
5 0.4186320745192308 0.1604166658653846 0.43042452884615384 0.20833333413461538
1 0.3419811322115385 0.2104166658653846 0.34316037740384614 0.2416666658653846
1 0.46108490625 0.7416666658653847 0.46108490625 0.7666666658653847
3 0.47759433894230774 0.6187499999999999 0.4846698125 0.6416666658653847
3 0.32547169711538465 0.39375000000000004 0.33608490625 0.42708333413461536
4 0.21816037740384614 0.3895833341346154 0.21816037740384614 0.41666666586538464
4 0.4823113197115385 0.2854166658653846 0.48820754807692307 0.3125
2 0.4787735841346154 0.42708333413461536 0.48702830288461535 0.4708333341346154
2 0.4705188677884615 0.89375 0.47169811298076925 0.9229166658653847
