5 0.33490566105769226 0.17708333413461538 0.3372641514423077 0.20833333413461538
4 0.3148584903846154 0.35416666586538464 0.31721698076923077 0.3895833341346154
3 0.3136792451923077 0.5416666658653846 0.3136792451923077 0.5645833341346154
1 0.4103773581730769 0.7520833341346154 0.41155660336538463 0.7708333341346154
3 0.4646226418269231 0.4520833341346154 0.46580188701923075 0.48124999999999996
2 0.5613207548076923 0.84375 0.5648584903846154 0.8625
2 0.566037735576923 0.39583333413461536 0.5778301874999999 0.4208333341346154
4 0.5625 0.21250000000000002 0.5636792451923077 0.2375
5 0.511792451923077 0.15625 0.52358490625 0.17708333413461538
1 0.4221698125 0.14166666586538462 0.4233490576923077 0.1645833341346154
