2 0.4375 0.75 0.4375 0.7749999999999999
1 0.48820754807692307 0.6375 0.49056603846153846 0.6645833341346153
1 0.3950471706730769 0.8500000000000001 0.3915094350961539 0.8645833341346154
2 0.48938679326923074 0.9104166658653846 0.4976415096153846 0.9375
3 0.38679245192307693 0.6499999999999999 0.3915094350961539 0.6729166658653847
3 0.3266509423076923 0.9354166658653846 0.3396226418269231 0.9479166658653846
4 0.32193396153846154 0.7166666658653846 0.3278301875 0.7666666658653847
4 0.4375 0.51875 0.44221698076923077 0.5458333341346153
5 0.2606132067307692 0.60625 0.2606132067307692 0.6395833341346153
5 0.2488207548076923 0.8229166658653846 0.2606132067307692 0.8416666658653846
